<?xml version="1.0" encoding="UTF-8" standalone="no" ?>
<COLLADA xmlns="http://www.collada.org/2005/11/COLLADASchema" version="1.4.1">
    <asset>
        <contributor>
            <authoring_tool>SketchUp 6.4.112</authoring_tool>
        </contributor>
        <created>2017-12-15T20:42:41Z</created>
        <modified>2017-12-15T20:42:41Z</modified>
        <unit meter="0.0254" name="inch" />
        <up_axis>Z_UP</up_axis>
    </asset>
    <library_cameras>
        <camera id="ID1" name="skp_camera_Last_Saved_SketchUp_View">
            <optics>
                <technique_common>
                    <perspective>
                        <yfov>30</yfov>
                        <aspect_ratio>0</aspect_ratio>
                        <znear>1</znear>
                        <zfar>1000</zfar>
                    </perspective>
                </technique_common>
            </optics>
        </camera>
    </library_cameras>
    <library_visual_scenes>
        <visual_scene id="ID2">
            <node name="SketchUp">
                <node name="skp_camera_Last_Saved_SketchUp_View">
                    <matrix>-0.5962682 0.1982866 -0.7779117 -72.96181 -0.8027853 -0.1472773 0.5777934 51.96475 8.326673e-17 0.9690159 0.2469983 47.96788 0 0 0 1</matrix>
                    <instance_camera url="#ID1" />
                </node>
                <node id="ID3" name="group_0">
                    <matrix>0.8818671 0.471498 0 -18.19502 -0.471498 0.8818671 0 -4.829612 0 -0 1 -9.495182e-14 0 0 0 1</matrix>
                    <node id="ID4" name="group_1">
                        <matrix>0.7071068 -0.7071068 0 16.20954 0.7071068 0.7071068 0 1.963288 -0 0 1 0.1507055 0 0 0 1</matrix>
                        <node id="ID5" name="group_2">
                            <matrix>0.5917 0 0 -1.332268e-15 0 -0.5917 0 13.19727 0 0 0.5917 6.740492 0 0 0 1</matrix>
                            <instance_geometry url="#ID546">
                                <bind_material>
                                    <technique_common>
                                        <instance_material symbol="Material2" target="#ID547">
                                            <bind_vertex_input semantic="UVSET0" input_semantic="TEXCOORD" input_set="0" />
                                        </instance_material>
                                    </technique_common>
                                </bind_material>
                            </instance_geometry>
                            <node id="ID6" name="group_3">
                                <matrix>8.326673e-17 -1 0 23.23897 1 8.326673e-17 0 1.004534 -0 0 1 9.914522 0 0 0 1</matrix>
                                <node id="ID7" name="group_4">
                                    <matrix>-0.7443115 -0.6574833 -0.1171156 22.23823 0.6678326 -0.7327771 -0.1305275 16.82506 -1.387779e-17 -0.1753667 0.9845032 2.071261 0 0 0 1</matrix>
                                    <node id="ID8" name="group_5">
                                        <matrix>0.4574806 -0.8076747 -0.3719855 14.37544 0.8725604 0.4883385 0.01279838 5.391644 0.1713179 -0.3304348 0.9281503 3.774838 0 0 0 1</matrix>
                                        <instance_geometry url="#ID9">
                                            <bind_material>
                                                <technique_common>
                                                    <instance_material symbol="Material2" target="#ID10">
                                                        <bind_vertex_input semantic="UVSET0" input_semantic="TEXCOORD" input_set="0" />
                                                    </instance_material>
                                                </technique_common>
                                            </bind_material>
                                        </instance_geometry>
                                    </node>
                                    <node id="ID17" name="group_6">
                                        <matrix>0.898794 0.4383711 0 -0.6711928 -0.423434 0.8681684 0.258819 1.873274 0.1134588 -0.232625 0.9659258 2.662812 0 0 0 1</matrix>
                                        <instance_geometry url="#ID18">
                                            <bind_material>
                                                <technique_common>
                                                    <instance_material symbol="Material2" target="#ID10">
                                                        <bind_vertex_input semantic="UVSET0" input_semantic="TEXCOORD" input_set="0" />
                                                    </instance_material>
                                                </technique_common>
                                            </bind_material>
                                        </instance_geometry>
                                    </node>
                                    <node id="ID24" name="group_7">
                                        <matrix>1 0 0 4.430842 0 1 0 4.440892e-16 0 0 1 0 0 0 0 1</matrix>
                                        <instance_geometry url="#ID25">
                                            <bind_material>
                                                <technique_common>
                                                    <instance_material symbol="Material2" target="#ID10">
                                                        <bind_vertex_input semantic="UVSET0" input_semantic="TEXCOORD" input_set="0" />
                                                    </instance_material>
                                                </technique_common>
                                            </bind_material>
                                        </instance_geometry>
                                    </node>
                                </node>
                                <node id="ID31" name="group_8">
                                    <matrix>1 0 0 5.441311 -0 0.9845032 0.1753667 0 0 -0.1753667 0.9845032 2.071261 0 0 0 1</matrix>
                                    <node id="ID32" name="group_5">
                                        <matrix>0.4574806 -0.8076747 -0.3719855 14.37544 0.8725604 0.4883385 0.01279838 5.391644 0.1713179 -0.3304348 0.9281503 3.774838 0 0 0 1</matrix>
                                        <instance_geometry url="#ID33">
                                            <bind_material>
                                                <technique_common>
                                                    <instance_material symbol="Material2" target="#ID10">
                                                        <bind_vertex_input semantic="UVSET0" input_semantic="TEXCOORD" input_set="0" />
                                                    </instance_material>
                                                </technique_common>
                                            </bind_material>
                                        </instance_geometry>
                                    </node>
                                    <node id="ID39" name="group_6">
                                        <matrix>0.898794 0.4383711 0 -0.6711928 -0.423434 0.8681684 0.258819 1.873274 0.1134588 -0.232625 0.9659258 2.662812 0 0 0 1</matrix>
                                        <instance_geometry url="#ID40">
                                            <bind_material>
                                                <technique_common>
                                                    <instance_material symbol="Material2" target="#ID10">
                                                        <bind_vertex_input semantic="UVSET0" input_semantic="TEXCOORD" input_set="0" />
                                                    </instance_material>
                                                </technique_common>
                                            </bind_material>
                                        </instance_geometry>
                                    </node>
                                    <node id="ID46" name="group_7">
                                        <matrix>1 0 0 4.430842 0 1 0 4.440892e-16 0 0 1 0 0 0 0 1</matrix>
                                        <instance_geometry url="#ID47">
                                            <bind_material>
                                                <technique_common>
                                                    <instance_material symbol="Material2" target="#ID10">
                                                        <bind_vertex_input semantic="UVSET0" input_semantic="TEXCOORD" input_set="0" />
                                                    </instance_material>
                                                </technique_common>
                                            </bind_material>
                                        </instance_geometry>
                                    </node>
                                </node>
                                <node id="ID53" name="group_9">
                                    <matrix>-0.9505157 0.3058619 0.05448231 11.92778 -0.3106764 -0.9357858 -0.1666888 24.28914 0 -0.1753667 0.9845032 2.071261 0 0 0 1</matrix>
                                    <node id="ID54" name="group_5">
                                        <matrix>0.4574806 -0.8076747 -0.3719855 14.37544 0.8725604 0.4883385 0.01279838 5.391644 0.1713179 -0.3304348 0.9281503 3.774838 0 0 0 1</matrix>
                                        <instance_geometry url="#ID55">
                                            <bind_material>
                                                <technique_common>
                                                    <instance_material symbol="Material2" target="#ID10">
                                                        <bind_vertex_input semantic="UVSET0" input_semantic="TEXCOORD" input_set="0" />
                                                    </instance_material>
                                                </technique_common>
                                            </bind_material>
                                        </instance_geometry>
                                    </node>
                                    <node id="ID61" name="group_6">
                                        <matrix>0.898794 0.4383711 0 -0.6711928 -0.423434 0.8681684 0.258819 1.873274 0.1134588 -0.232625 0.9659258 2.662812 0 0 0 1</matrix>
                                        <instance_geometry url="#ID62">
                                            <bind_material>
                                                <technique_common>
                                                    <instance_material symbol="Material2" target="#ID10">
                                                        <bind_vertex_input semantic="UVSET0" input_semantic="TEXCOORD" input_set="0" />
                                                    </instance_material>
                                                </technique_common>
                                            </bind_material>
                                        </instance_geometry>
                                    </node>
                                    <node id="ID68" name="group_7">
                                        <matrix>1 0 0 4.430842 0 1 0 4.440892e-16 0 0 1 0 0 0 0 1</matrix>
                                        <instance_geometry url="#ID69">
                                            <bind_material>
                                                <technique_common>
                                                    <instance_material symbol="Material2" target="#ID10">
                                                        <bind_vertex_input semantic="UVSET0" input_semantic="TEXCOORD" input_set="0" />
                                                    </instance_material>
                                                </technique_common>
                                            </bind_material>
                                        </instance_geometry>
                                    </node>
                                </node>
                            </node>
                            <node id="ID75" name="group_10">
                                <matrix>-0.7071068 -0.7071068 0 27.34192 0.7071068 -0.7071068 0 12.33698 0 0 0.6632267 8.386841 0 0 0 1</matrix>
                                <node id="ID76" name="group_4">
                                    <matrix>-0.7443115 -0.6574833 -0.1171156 22.23823 0.6678326 -0.7327771 -0.1305275 16.82506 -1.387779e-17 -0.1753667 0.9845032 2.071261 0 0 0 1</matrix>
                                    <node id="ID77" name="group_5">
                                        <matrix>0.4574806 -0.8076747 -0.3719855 14.37544 0.8725604 0.4883385 0.01279838 5.391644 0.1713179 -0.3304348 0.9281503 3.774838 0 0 0 1</matrix>
                                        <instance_geometry url="#ID78">
                                            <bind_material>
                                                <technique_common>
                                                    <instance_material symbol="Material2" target="#ID10">
                                                        <bind_vertex_input semantic="UVSET0" input_semantic="TEXCOORD" input_set="0" />
                                                    </instance_material>
                                                </technique_common>
                                            </bind_material>
                                        </instance_geometry>
                                    </node>
                                    <node id="ID84" name="group_6">
                                        <matrix>0.898794 0.4383711 0 -0.6711928 -0.423434 0.8681684 0.258819 1.873274 0.1134588 -0.232625 0.9659258 2.662812 0 0 0 1</matrix>
                                        <instance_geometry url="#ID85">
                                            <bind_material>
                                                <technique_common>
                                                    <instance_material symbol="Material2" target="#ID10">
                                                        <bind_vertex_input semantic="UVSET0" input_semantic="TEXCOORD" input_set="0" />
                                                    </instance_material>
                                                </technique_common>
                                            </bind_material>
                                        </instance_geometry>
                                    </node>
                                    <node id="ID91" name="group_7">
                                        <matrix>1 0 0 4.430842 0 1 0 4.440892e-16 0 0 1 0 0 0 0 1</matrix>
                                        <instance_geometry url="#ID92">
                                            <bind_material>
                                                <technique_common>
                                                    <instance_material symbol="Material2" target="#ID10">
                                                        <bind_vertex_input semantic="UVSET0" input_semantic="TEXCOORD" input_set="0" />
                                                    </instance_material>
                                                </technique_common>
                                            </bind_material>
                                        </instance_geometry>
                                    </node>
                                </node>
                                <node id="ID98" name="group_8">
                                    <matrix>1 0 0 5.441311 -0 0.9845032 0.1753667 0 0 -0.1753667 0.9845032 2.071261 0 0 0 1</matrix>
                                    <node id="ID99" name="group_5">
                                        <matrix>0.4574806 -0.8076747 -0.3719855 14.37544 0.8725604 0.4883385 0.01279838 5.391644 0.1713179 -0.3304348 0.9281503 3.774838 0 0 0 1</matrix>
                                        <instance_geometry url="#ID100">
                                            <bind_material>
                                                <technique_common>
                                                    <instance_material symbol="Material2" target="#ID10">
                                                        <bind_vertex_input semantic="UVSET0" input_semantic="TEXCOORD" input_set="0" />
                                                    </instance_material>
                                                </technique_common>
                                            </bind_material>
                                        </instance_geometry>
                                    </node>
                                    <node id="ID106" name="group_6">
                                        <matrix>0.898794 0.4383711 0 -0.6711928 -0.423434 0.8681684 0.258819 1.873274 0.1134588 -0.232625 0.9659258 2.662812 0 0 0 1</matrix>
                                        <instance_geometry url="#ID107">
                                            <bind_material>
                                                <technique_common>
                                                    <instance_material symbol="Material2" target="#ID10">
                                                        <bind_vertex_input semantic="UVSET0" input_semantic="TEXCOORD" input_set="0" />
                                                    </instance_material>
                                                </technique_common>
                                            </bind_material>
                                        </instance_geometry>
                                    </node>
                                    <node id="ID113" name="group_7">
                                        <matrix>1 0 0 4.430842 0 1 0 4.440892e-16 0 0 1 0 0 0 0 1</matrix>
                                        <instance_geometry url="#ID114">
                                            <bind_material>
                                                <technique_common>
                                                    <instance_material symbol="Material2" target="#ID10">
                                                        <bind_vertex_input semantic="UVSET0" input_semantic="TEXCOORD" input_set="0" />
                                                    </instance_material>
                                                </technique_common>
                                            </bind_material>
                                        </instance_geometry>
                                    </node>
                                </node>
                                <node id="ID120" name="group_9">
                                    <matrix>-0.9505157 0.3058619 0.05448231 11.92778 -0.3106764 -0.9357858 -0.1666888 24.28914 0 -0.1753667 0.9845032 2.071261 0 0 0 1</matrix>
                                    <node id="ID121" name="group_5">
                                        <matrix>0.4574806 -0.8076747 -0.3719855 14.37544 0.8725604 0.4883385 0.01279838 5.391644 0.1713179 -0.3304348 0.9281503 3.774838 0 0 0 1</matrix>
                                        <instance_geometry url="#ID122">
                                            <bind_material>
                                                <technique_common>
                                                    <instance_material symbol="Material2" target="#ID10">
                                                        <bind_vertex_input semantic="UVSET0" input_semantic="TEXCOORD" input_set="0" />
                                                    </instance_material>
                                                </technique_common>
                                            </bind_material>
                                        </instance_geometry>
                                    </node>
                                    <node id="ID128" name="group_6">
                                        <matrix>0.898794 0.4383711 0 -0.6711928 -0.423434 0.8681684 0.258819 1.873274 0.1134588 -0.232625 0.9659258 2.662812 0 0 0 1</matrix>
                                        <instance_geometry url="#ID129">
                                            <bind_material>
                                                <technique_common>
                                                    <instance_material symbol="Material2" target="#ID10">
                                                        <bind_vertex_input semantic="UVSET0" input_semantic="TEXCOORD" input_set="0" />
                                                    </instance_material>
                                                </technique_common>
                                            </bind_material>
                                        </instance_geometry>
                                    </node>
                                    <node id="ID135" name="group_7">
                                        <matrix>1 0 0 4.430842 0 1 0 4.440892e-16 0 0 1 0 0 0 0 1</matrix>
                                        <instance_geometry url="#ID136">
                                            <bind_material>
                                                <technique_common>
                                                    <instance_material symbol="Material2" target="#ID10">
                                                        <bind_vertex_input semantic="UVSET0" input_semantic="TEXCOORD" input_set="0" />
                                                    </instance_material>
                                                </technique_common>
                                            </bind_material>
                                        </instance_geometry>
                                    </node>
                                </node>
                            </node>
                            <node id="ID142" name="group_11">
                                <matrix>-0.7626683 0.6467898 0 12.18883 -0.6467898 -0.7626683 0 27.35997 0 0 1 9.057049 0 0 0 1</matrix>
                                <node id="ID143" name="group_4">
                                    <matrix>-0.7443115 -0.6574833 -0.1171156 22.23823 0.6678326 -0.7327771 -0.1305275 16.82506 -1.387779e-17 -0.1753667 0.9845032 2.071261 0 0 0 1</matrix>
                                    <node id="ID144" name="group_5">
                                        <matrix>0.4574806 -0.8076747 -0.3719855 14.37544 0.8725604 0.4883385 0.01279838 5.391644 0.1713179 -0.3304348 0.9281503 3.774838 0 0 0 1</matrix>
                                        <instance_geometry url="#ID145">
                                            <bind_material>
                                                <technique_common>
                                                    <instance_material symbol="Material2" target="#ID10">
                                                        <bind_vertex_input semantic="UVSET0" input_semantic="TEXCOORD" input_set="0" />
                                                    </instance_material>
                                                </technique_common>
                                            </bind_material>
                                        </instance_geometry>
                                    </node>
                                    <node id="ID151" name="group_6">
                                        <matrix>0.898794 0.4383711 0 -0.6711928 -0.423434 0.8681684 0.258819 1.873274 0.1134588 -0.232625 0.9659258 2.662812 0 0 0 1</matrix>
                                        <instance_geometry url="#ID152">
                                            <bind_material>
                                                <technique_common>
                                                    <instance_material symbol="Material2" target="#ID10">
                                                        <bind_vertex_input semantic="UVSET0" input_semantic="TEXCOORD" input_set="0" />
                                                    </instance_material>
                                                </technique_common>
                                            </bind_material>
                                        </instance_geometry>
                                    </node>
                                    <node id="ID158" name="group_7">
                                        <matrix>1 0 0 4.430842 0 1 0 4.440892e-16 0 0 1 0 0 0 0 1</matrix>
                                        <instance_geometry url="#ID159">
                                            <bind_material>
                                                <technique_common>
                                                    <instance_material symbol="Material2" target="#ID10">
                                                        <bind_vertex_input semantic="UVSET0" input_semantic="TEXCOORD" input_set="0" />
                                                    </instance_material>
                                                </technique_common>
                                            </bind_material>
                                        </instance_geometry>
                                    </node>
                                </node>
                                <node id="ID165" name="group_8">
                                    <matrix>1 0 0 5.441311 -0 0.9845032 0.1753667 0 0 -0.1753667 0.9845032 2.071261 0 0 0 1</matrix>
                                    <node id="ID166" name="group_5">
                                        <matrix>0.4574806 -0.8076747 -0.3719855 14.37544 0.8725604 0.4883385 0.01279838 5.391644 0.1713179 -0.3304348 0.9281503 3.774838 0 0 0 1</matrix>
                                        <instance_geometry url="#ID167">
                                            <bind_material>
                                                <technique_common>
                                                    <instance_material symbol="Material2" target="#ID10">
                                                        <bind_vertex_input semantic="UVSET0" input_semantic="TEXCOORD" input_set="0" />
                                                    </instance_material>
                                                </technique_common>
                                            </bind_material>
                                        </instance_geometry>
                                    </node>
                                    <node id="ID173" name="group_6">
                                        <matrix>0.898794 0.4383711 0 -0.6711928 -0.423434 0.8681684 0.258819 1.873274 0.1134588 -0.232625 0.9659258 2.662812 0 0 0 1</matrix>
                                        <instance_geometry url="#ID174">
                                            <bind_material>
                                                <technique_common>
                                                    <instance_material symbol="Material2" target="#ID10">
                                                        <bind_vertex_input semantic="UVSET0" input_semantic="TEXCOORD" input_set="0" />
                                                    </instance_material>
                                                </technique_common>
                                            </bind_material>
                                        </instance_geometry>
                                    </node>
                                    <node id="ID180" name="group_7">
                                        <matrix>1 0 0 4.430842 0 1 0 4.440892e-16 0 0 1 0 0 0 0 1</matrix>
                                        <instance_geometry url="#ID181">
                                            <bind_material>
                                                <technique_common>
                                                    <instance_material symbol="Material2" target="#ID10">
                                                        <bind_vertex_input semantic="UVSET0" input_semantic="TEXCOORD" input_set="0" />
                                                    </instance_material>
                                                </technique_common>
                                            </bind_material>
                                        </instance_geometry>
                                    </node>
                                </node>
                                <node id="ID187" name="group_9">
                                    <matrix>-0.9505157 0.3058619 0.05448231 11.92778 -0.3106764 -0.9357858 -0.1666888 24.28914 0 -0.1753667 0.9845032 2.071261 0 0 0 1</matrix>
                                    <node id="ID188" name="group_5">
                                        <matrix>0.4574806 -0.8076747 -0.3719855 14.37544 0.8725604 0.4883385 0.01279838 5.391644 0.1713179 -0.3304348 0.9281503 3.774838 0 0 0 1</matrix>
                                        <instance_geometry url="#ID189">
                                            <bind_material>
                                                <technique_common>
                                                    <instance_material symbol="Material2" target="#ID10">
                                                        <bind_vertex_input semantic="UVSET0" input_semantic="TEXCOORD" input_set="0" />
                                                    </instance_material>
                                                </technique_common>
                                            </bind_material>
                                        </instance_geometry>
                                    </node>
                                    <node id="ID195" name="group_6">
                                        <matrix>0.898794 0.4383711 0 -0.6711928 -0.423434 0.8681684 0.258819 1.873274 0.1134588 -0.232625 0.9659258 2.662812 0 0 0 1</matrix>
                                        <instance_geometry url="#ID196">
                                            <bind_material>
                                                <technique_common>
                                                    <instance_material symbol="Material2" target="#ID10">
                                                        <bind_vertex_input semantic="UVSET0" input_semantic="TEXCOORD" input_set="0" />
                                                    </instance_material>
                                                </technique_common>
                                            </bind_material>
                                        </instance_geometry>
                                    </node>
                                    <node id="ID202" name="group_7">
                                        <matrix>1 0 0 4.430842 0 1 0 4.440892e-16 0 0 1 0 0 0 0 1</matrix>
                                        <instance_geometry url="#ID203">
                                            <bind_material>
                                                <technique_common>
                                                    <instance_material symbol="Material2" target="#ID10">
                                                        <bind_vertex_input semantic="UVSET0" input_semantic="TEXCOORD" input_set="0" />
                                                    </instance_material>
                                                </technique_common>
                                            </bind_material>
                                        </instance_geometry>
                                    </node>
                                </node>
                            </node>
                            <node id="ID209" name="group_12">
                                <matrix>0.445 -0.7707626 0 15.84797 0.7707626 0.445 0 -1.735667 0 0 1.5842 12.10716 0 0 0 1</matrix>
                                <node id="ID210" name="group_4">
                                    <matrix>-0.7443115 -0.6574833 -0.1171156 22.23823 0.6678326 -0.7327771 -0.1305275 16.82506 -1.387779e-17 -0.1753667 0.9845032 2.071261 0 0 0 1</matrix>
                                    <node id="ID211" name="group_5">
                                        <matrix>0.4574806 -0.8076747 -0.3719855 14.37544 0.8725604 0.4883385 0.01279838 5.391644 0.1713179 -0.3304348 0.9281503 3.774838 0 0 0 1</matrix>
                                        <instance_geometry url="#ID212">
                                            <bind_material>
                                                <technique_common>
                                                    <instance_material symbol="Material2" target="#ID10">
                                                        <bind_vertex_input semantic="UVSET0" input_semantic="TEXCOORD" input_set="0" />
                                                    </instance_material>
                                                </technique_common>
                                            </bind_material>
                                        </instance_geometry>
                                    </node>
                                    <node id="ID218" name="group_6">
                                        <matrix>0.898794 0.4383711 0 -0.6711928 -0.423434 0.8681684 0.258819 1.873274 0.1134588 -0.232625 0.9659258 2.662812 0 0 0 1</matrix>
                                        <instance_geometry url="#ID219">
                                            <bind_material>
                                                <technique_common>
                                                    <instance_material symbol="Material2" target="#ID10">
                                                        <bind_vertex_input semantic="UVSET0" input_semantic="TEXCOORD" input_set="0" />
                                                    </instance_material>
                                                </technique_common>
                                            </bind_material>
                                        </instance_geometry>
                                    </node>
                                    <node id="ID225" name="group_7">
                                        <matrix>1 0 0 4.430842 0 1 0 4.440892e-16 0 0 1 0 0 0 0 1</matrix>
                                        <instance_geometry url="#ID226">
                                            <bind_material>
                                                <technique_common>
                                                    <instance_material symbol="Material2" target="#ID10">
                                                        <bind_vertex_input semantic="UVSET0" input_semantic="TEXCOORD" input_set="0" />
                                                    </instance_material>
                                                </technique_common>
                                            </bind_material>
                                        </instance_geometry>
                                    </node>
                                </node>
                                <node id="ID232" name="group_8">
                                    <matrix>1 0 0 5.441311 -0 0.9845032 0.1753667 0 0 -0.1753667 0.9845032 2.071261 0 0 0 1</matrix>
                                    <node id="ID233" name="group_5">
                                        <matrix>0.4574806 -0.8076747 -0.3719855 14.37544 0.8725604 0.4883385 0.01279838 5.391644 0.1713179 -0.3304348 0.9281503 3.774838 0 0 0 1</matrix>
                                        <instance_geometry url="#ID234">
                                            <bind_material>
                                                <technique_common>
                                                    <instance_material symbol="Material2" target="#ID10">
                                                        <bind_vertex_input semantic="UVSET0" input_semantic="TEXCOORD" input_set="0" />
                                                    </instance_material>
                                                </technique_common>
                                            </bind_material>
                                        </instance_geometry>
                                    </node>
                                    <node id="ID240" name="group_6">
                                        <matrix>0.898794 0.4383711 0 -0.6711928 -0.423434 0.8681684 0.258819 1.873274 0.1134588 -0.232625 0.9659258 2.662812 0 0 0 1</matrix>
                                        <instance_geometry url="#ID241">
                                            <bind_material>
                                                <technique_common>
                                                    <instance_material symbol="Material2" target="#ID10">
                                                        <bind_vertex_input semantic="UVSET0" input_semantic="TEXCOORD" input_set="0" />
                                                    </instance_material>
                                                </technique_common>
                                            </bind_material>
                                        </instance_geometry>
                                    </node>
                                    <node id="ID247" name="group_7">
                                        <matrix>1 0 0 4.430842 0 1 0 4.440892e-16 0 0 1 0 0 0 0 1</matrix>
                                        <instance_geometry url="#ID248">
                                            <bind_material>
                                                <technique_common>
                                                    <instance_material symbol="Material2" target="#ID10">
                                                        <bind_vertex_input semantic="UVSET0" input_semantic="TEXCOORD" input_set="0" />
                                                    </instance_material>
                                                </technique_common>
                                            </bind_material>
                                        </instance_geometry>
                                    </node>
                                </node>
                                <node id="ID254" name="group_9">
                                    <matrix>-0.9505157 0.3058619 0.05448231 11.92778 -0.3106764 -0.9357858 -0.1666888 24.28914 0 -0.1753667 0.9845032 2.071261 0 0 0 1</matrix>
                                    <node id="ID255" name="group_5">
                                        <matrix>0.4574806 -0.8076747 -0.3719855 14.37544 0.8725604 0.4883385 0.01279838 5.391644 0.1713179 -0.3304348 0.9281503 3.774838 0 0 0 1</matrix>
                                        <instance_geometry url="#ID256">
                                            <bind_material>
                                                <technique_common>
                                                    <instance_material symbol="Material2" target="#ID10">
                                                        <bind_vertex_input semantic="UVSET0" input_semantic="TEXCOORD" input_set="0" />
                                                    </instance_material>
